0: (16, 16)

3: (0,  0) (16,  0)
2: (0,  4) (16,  4)
2: (0,  8) (16,  8)
2: (0, 12) (16, 12)
3: (0, 16) (16, 16)

3: ( 0, 0) ( 0, 16)
2: ( 4, 0) ( 4, 16)
2: ( 8, 0) ( 8, 16)
2: (12, 0) (12, 16)
3: (16, 0) (16, 16)

1: (0,  1) (16,  1)
1: (0,  2) (16,  2)
1: (0,  3) (16,  3)
1: (0,  5) (16,  5)
1: (0,  6) (16,  6)
1: (0,  7) (16,  7)
1: (0,  9) (16,  9)
1: (0, 10) (16, 10)
1: (0, 11) (16, 11)
1: (0, 13) (16, 13)
1: (0, 14) (16, 14)
1: (0, 15) (16, 15)

1: ( 1, 0) ( 1, 16)
1: ( 2, 0) ( 2, 16)
1: ( 3, 0) ( 3, 16)
1: ( 5, 0) ( 5, 16)
1: ( 6, 0) ( 6, 16)
1: ( 7, 0) ( 7, 16)
1: ( 9, 0) ( 9, 16)
1: (10, 0) (10, 16)
1: (11, 0) (11, 16)
1: (13, 0) (13, 16)
1: (14, 0) (14, 16)
1: (15, 0) (15, 16)
